===TM_COMPAT_GEN1_BEGIN===
1:3,6,8,9,10,20,21,22,31,32,33,34,44,50
2:3,6,8,9,10,20,21,22,31,32,33,34,44,50
3:3,6,8,9,10,15,20,21,22,31,32,33,34,44,50
4:1,3,5,6,8,9,10,17,18,19,20,23,28,31,32,33,34,38,39,40,44,50
5:1,3,5,6,8,9,10,17,18,19,20,23,28,31,32,33,34,38,39,40,44,50
6:1,3,5,6,8,9,10,15,17,18,19,20,23,26,27,28,31,32,33,34,38,39,40,44,50
7:1,5,6,8,9,10,11,12,13,14,17,18,19,20,28,31,32,33,34,40,44,50
8:1,5,6,8,9,10,11,12,13,14,17,18,19,20,28,31,32,33,34,40,44,50
9:1,5,6,8,9,10,11,12,13,14,15,17,18,19,20,26,27,28,31,32,33,34,40,44,50
10:
11:
12:2,4,6,9,10,15,20,21,22,29,30,31,32,33,34,39,44,46,50
13:
14:
15:3,6,9,10,15,20,21,31,32,33,34,39,40,44,50
16:2,4,6,9,10,20,31,32,33,34,39,43,44,50
17:2,4,6,9,10,20,31,32,33,34,39,43,44,50
18:2,4,6,9,10,15,20,31,32,33,34,39,43,44,50
19:6,8,9,10,11,12,14,20,24,25,28,31,32,34,39,40,44,50
20:6,8,9,10,11,12,13,14,15,20,24,25,28,31,32,34,39,40,44,50
21:2,4,6,9,10,20,31,32,34,39,43,44,50
22:2,4,6,9,10,15,20,31,32,34,39,43,44,50
23:6,8,9,10,20,21,26,27,28,31,32,34,40,44,48,50
24:6,8,9,10,15,20,21,26,27,28,31,32,34,40,44,48,50
25:1,5,6,8,9,10,16,17,19,20,24,25,31,32,33,34,39,40,44,45,50
26:1,5,6,8,9,10,15,16,17,19,20,24,25,31,32,33,34,39,40,44,45,50
27:3,6,8,9,10,17,19,20,26,27,28,31,32,34,39,40,44,48,50
28:3,6,8,9,10,15,17,19,20,26,27,28,31,32,34,39,40,44,48,50
29:6,8,9,10,14,20,24,25,31,32,33,34,40,44,50
30:6,7,8,9,10,11,12,13,14,20,24,25,31,32,33,34,40,44,50
31:1,5,6,7,8,9,10,11,12,13,14,15,16,17,18,19,20,24,25,26,27,31,32,33,34,38,40,44,48,50
32:6,7,8,9,10,14,20,24,25,31,32,33,34,40,44,50
33:6,7,8,9,10,11,12,13,14,20,24,25,31,32,33,34,40,44,50
34:1,5,6,7,8,9,10,11,12,13,14,15,16,17,18,19,20,24,25,26,27,31,32,33,34,38,40,44,48,50
35:1,5,6,8,9,10,11,12,13,14,17,18,19,20,22,24,25,29,30,31,32,33,34,35,38,40,44,45,46,49,50
36:1,5,6,8,9,10,11,12,13,14,15,17,18,19,20,22,24,25,29,30,31,32,33,34,35,38,40,44,45,46,49,50
37:6,8,9,10,20,28,31,32,33,34,38,39,40,44,50
38:6,8,9,10,15,20,28,31,32,33,34,38,39,40,44,50
39:1,5,6,8,9,10,11,12,13,14,17,18,19,20,22,24,25,29,30,31,32,33,34,38,40,44,45,46,49,50
40:1,5,6,8,9,10,11,12,13,14,15,17,18,19,20,22,24,25,29,30,31,32,33,34,38,40,44,45,46,49,50
41:2,4,6,9,10,20,21,31,32,34,39,44,50
42:2,4,6,9,10,15,20,21,31,32,34,39,44,50
43:3,6,9,10,20,21,22,31,32,33,34,44,50
44:3,6,9,10,20,21,22,31,32,33,34,44,50
45:3,6,8,9,10,15,20,21,22,31,32,33,34,44,50
46:3,6,8,9,10,20,21,22,28,31,32,33,34,40,44,50
47:3,6,8,9,10,15,20,21,22,28,31,32,33,34,40,44,50
48:6,9,10,20,21,22,29,31,32,33,34,44,46,50
49:2,4,6,9,10,15,20,21,22,29,30,31,32,33,34,39,44,46,50
50:6,8,9,10,20,26,27,28,31,32,34,44,48,50
51:6,8,9,10,15,20,26,27,28,31,32,34,44,48,50
52:6,8,9,10,11,12,16,20,24,25,31,32,34,39,40,44,50
53:6,8,9,10,11,12,15,16,20,24,25,31,32,34,39,40,44,50
54:1,5,6,8,9,10,11,12,13,14,16,17,18,19,20,28,31,32,34,39,40,44,50
55:1,5,6,8,9,10,11,12,13,14,15,16,17,18,19,20,28,31,32,34,39,40,44,50
56:1,5,6,8,9,10,16,17,18,19,20,24,25,28,31,32,34,35,39,40,44,48,50
57:1,5,6,8,9,10,15,16,17,18,19,20,24,25,28,31,32,34,35,39,40,44,48,50
58:6,8,9,10,20,23,28,31,32,33,34,38,39,40,44,50
59:6,8,9,10,15,20,23,28,30,31,32,33,34,38,39,40,44,50
60:6,8,9,10,11,12,13,14,20,29,31,32,34,40,44,46,50
61:1,5,6,8,9,10,11,12,13,14,17,18,19,20,26,27,29,31,32,34,35,40,44,46,50
62:1,5,6,8,9,10,11,12,13,14,15,17,18,19,20,26,27,29,31,32,34,35,40,44,46,50
63:1,5,6,8,9,10,17,18,19,20,29,30,31,32,33,34,35,40,44,45,46,49,50
64:1,5,6,8,9,10,17,18,19,20,28,29,30,31,32,33,34,35,40,44,45,46,49,50
65:1,5,6,8,9,10,15,17,18,19,20,28,29,30,31,32,33,34,35,40,44,45,46,49,50
66:1,5,6,8,9,10,17,18,19,20,26,27,28,31,32,34,35,38,40,44,48,50
67:1,5,6,8,9,10,17,18,19,20,26,27,28,31,32,34,35,38,40,44,48,50
68:1,5,6,8,9,10,15,17,18,19,20,26,27,28,31,32,34,35,38,40,44,48,50
69:3,6,9,10,20,21,22,31,32,33,34,44,50
70:3,6,9,10,20,21,22,31,32,33,34,44,50
71:3,6,8,9,10,15,20,21,22,31,32,33,34,44,50
72:3,6,9,10,11,12,13,14,20,21,31,32,33,34,40,44,50
73:3,6,9,10,11,12,13,14,15,20,21,31,32,33,34,40,44,50
74:1,6,8,9,10,17,18,19,20,26,27,28,31,32,34,35,36,38,44,47,48,50
75:1,6,8,9,10,17,18,19,20,26,27,28,31,32,34,35,36,38,44,47,48,50
76:1,5,6,8,9,10,15,17,18,19,20,26,27,28,31,32,34,35,36,38,44,47,48,50
77:6,7,8,9,10,20,31,32,33,34,38,39,40,44,50
78:6,7,8,9,10,15,20,31,32,33,34,38,39,40,44,50
79:6,8,9,10,11,12,13,14,16,20,26,27,28,29,30,31,32,33,34,38,39,40,44,45,46,49,50
80:1,5,6,8,9,10,11,12,13,14,15,16,17,18,19,20,26,27,28,29,30,31,32,33,34,38,39,40,44,45,46,49,50
81:6,9,10,20,24,25,30,31,32,33,34,39,44,45,50
82:6,9,10,15,20,24,25,30,31,32,33,34,39,44,45,50
83:2,3,4,6,8,9,10,20,31,32,33,34,39,40,44,50
84:4,6,8,9,10,20,31,32,33,34,40,43,44,49,50
85:4,6,8,9,10,15,20,31,32,33,34,40,43,44,49,50
86:6,7,8,9,10,11,12,13,14,16,20,31,32,34,40,44,50
87:6,7,8,9,10,11,12,13,14,15,16,20,31,32,34,40,44,50
88:6,8,20,21,24,25,31,32,34,36,38,44,47,50
89:6,8,15,20,21,24,25,31,32,34,36,38,44,47,50
90:6,9,10,11,12,13,14,20,30,31,32,33,34,36,39,44,47,49,50
91:6,9,10,11,12,13,14,15,20,30,31,32,33,34,36,39,44,47,49,50
92:6,20,21,24,25,29,31,32,34,36,42,44,46,47,50
93:6,20,21,24,25,29,31,32,34,36,42,44,46,47,50
94:1,5,6,8,9,10,15,17,18,19,20,21,24,25,29,31,32,34,35,36,40,42,44,46,47,50
95:6,8,9,10,20,26,27,28,31,32,34,36,40,44,47,48,50
96:1,5,6,8,9,10,17,18,19,20,29,30,31,32,33,34,35,40,42,44,45,46,49,50
97:1,5,6,8,9,10,15,17,18,19,20,29,30,31,32,33,34,35,40,42,44,45,46,49,50
98:3,6,8,9,10,11,12,13,14,20,31,32,34,44,50
99:3,6,8,9,10,11,12,13,14,15,20,31,32,34,44,50
100:6,9,20,24,25,30,31,32,33,34,36,39,44,45,47,50
101:6,9,15,20,24,25,30,31,32,33,34,36,39,40,44,45,47,50
102:6,9,10,20,29,30,31,32,33,34,36,37,44,46,47,50
103:6,9,10,15,20,21,22,29,30,31,32,33,34,36,37,44,46,47,50
104:1,5,6,8,9,10,11,12,13,14,17,18,19,20,26,27,28,31,32,34,38,40,44,50
105:1,5,6,8,9,10,11,12,13,14,15,17,18,19,20,26,27,28,31,32,34,38,40,44,50
106:1,5,6,8,9,10,17,18,19,20,31,32,34,35,39,40,44,50
107:1,5,6,8,9,10,17,18,19,20,31,32,34,35,39,40,44,50
108:1,3,5,6,8,9,10,11,12,13,14,15,17,18,19,20,24,25,26,27,31,32,34,38,40,44,50
109:6,20,24,25,31,32,34,36,38,44,47,50
110:6,15,20,24,25,31,32,34,36,38,44,47,50
111:6,7,8,9,10,20,24,25,26,27,28,31,32,34,38,40,44,48,50
112:1,5,6,7,8,9,10,11,12,13,14,15,16,17,18,19,20,24,25,26,27,28,31,32,34,38,40,44,48,50
113:1,5,6,8,9,10,11,12,13,14,15,17,18,19,20,22,24,25,29,30,31,32,33,34,35,37,38,40,41,44,45,46,49,50
114:3,6,8,9,10,15,20,21,22,31,32,34,40,44,50
115:1,5,6,8,9,10,11,12,13,14,15,17,18,19,20,24,25,26,27,31,32,34,38,40,44,48,50
116:6,9,10,11,12,13,14,20,31,32,34,39,40,44,50
117:6,9,10,11,12,13,14,15,20,31,32,34,39,40,44,50
118:6,7,9,10,11,12,13,14,20,31,32,34,39,40,44,50
119:6,7,9,10,11,12,13,14,15,20,31,32,34,39,40,44,50
120:6,9,10,11,12,13,14,20,24,25,29,30,31,32,33,34,39,40,44,45,46,49,50
121:6,9,10,11,12,13,14,15,20,24,25,29,30,31,32,33,34,39,40,44,45,46,49,50
122:1,5,6,8,9,10,15,17,18,19,20,22,24,25,29,30,31,32,33,34,35,40,44,45,46,50
123:3,6,9,10,15,20,31,32,34,39,40,44,50
124:1,5,6,8,9,10,11,12,13,14,15,17,18,19,20,29,30,31,32,33,34,35,40,44,46,50
125:1,5,6,8,9,10,15,17,18,19,20,24,25,29,30,31,32,33,34,35,39,40,44,45,46,50
126:1,5,6,8,9,10,15,17,18,19,20,29,30,31,32,34,35,38,40,44,46,50
127:3,6,8,9,10,15,17,19,20,31,32,34,44,50
128:6,7,8,9,10,13,14,15,20,24,25,26,27,31,32,34,38,40,44,50
129:
130:6,8,9,10,11,12,13,14,15,20,23,24,25,31,32,33,34,38,40,44,50
131:6,7,8,9,10,11,12,13,14,15,20,22,23,24,25,29,31,32,33,34,40,44,46,50
132:
133:6,8,9,10,20,31,32,33,34,39,40,44,50
134:6,8,9,10,11,12,13,14,15,20,31,32,33,34,39,40,44,50
135:6,8,9,10,15,20,24,25,31,32,33,34,39,40,44,45,50
136:6,8,9,10,15,20,31,32,33,34,38,39,40,44,50
137:6,9,10,13,14,15,20,24,25,29,30,31,32,33,34,39,40,44,45,46,49,50
138:6,8,9,10,11,12,13,14,20,31,32,33,34,44,50
139:6,7,8,9,10,11,12,13,14,15,17,19,20,31,32,33,34,40,44,50
140:6,8,9,10,11,12,13,14,20,31,32,33,34,44,50
141:2,3,5,6,8,9,10,11,12,13,14,15,17,19,20,31,32,33,34,40,44,50
142:2,4,6,9,10,15,20,23,31,32,33,34,38,39,43,44,50
143:1,5,6,8,9,10,11,12,13,14,15,16,17,18,19,20,22,24,25,26,27,29,31,32,33,34,35,36,38,40,44,46,48,50
144:2,4,6,9,10,11,12,13,14,15,20,31,32,33,34,39,43,44,50
145:2,4,6,9,10,15,20,24,25,31,32,33,34,39,43,44,45,50
146:2,4,6,9,10,15,20,31,32,33,34,38,39,43,44,50
147:6,8,9,10,11,12,13,14,20,23,24,25,31,32,33,34,38,39,40,44,45,50
148:6,7,8,9,10,11,12,13,14,20,23,24,25,31,32,33,34,38,39,40,44,45,50
149:2,6,7,8,9,10,11,12,13,14,15,20,23,24,25,31,32,33,34,38,39,40,44,45,50
150:1,5,6,8,9,10,11,12,13,14,15,16,17,18,19,20,22,24,25,29,30,31,32,33,34,35,36,38,40,44,45,46,49,50
151:1,2,3,4,5,6,7,8,9,10,11,12,13,14,15,16,17,18,19,20,21,22,23,24,25,26,27,28,29,30,31,32,33,34,35,36,37,38,39,40,41,42,43,44,45,46,47,48,49,50
===TM_COMPAT_GEN1_END===
